86850373
88065982
89381998
89536281
89714969
89826454
90124805
90672139
91408483
92438767
93361307
93890273
94372668
94759608
95079679
95439681
95611247
95980848
96336703
96581554
97041854
97379078
97672530
98066548
98479628
98934583
99246351
99431166
99835853
100049976
100234528
100568990
100806900
101097780
101820889
102455447
103013193
103523395
104177472
104757045
105145733
105694267
106140928
107246460
109272574
111539057
112522882
113783243
114620640
116036597
117421757
119134563
120378616
121554057
121817863
122730797
123673939
124747256
